100
100
100.0031931176726
100.01491887028301
100.04183661073586
100.09128473729676
100
100
100.17079589252633
100.28774173498891
100.44908372899062
100.66120908898513
100.92983365129291
101.25995602663698
101.65584986423656
102.12108337291463
102.658557347307
103.27055480564292
103.95879694607456
104.72450147360739
105.56817357667671
106.48934886789925
107.48639657656555
108.55636859940842
109.69488435694068
110.89604546846141
112.15237759132265
113.4547995081975
114.79262176481087
116.15357888216357
117.52390037259332
118.88842642781697
120.23077414915721
121.53355947880189
122.77867849963839
123.94764946315259
125.02201379460139
125.98379049940938
126.81597403243626
127.50306107130677
128.03158713423008
128.39065006003239
128.57239452510694
128.57243049789142
128.3901592336878
128.0289833422007
127.4963826451007
126.8038447417476
125.96664790225628
125.00350335218873
123.93607328652016
122.78838909372024
121.58604274021428
120.3547609489471
119.11933394640629
117.90285578133562
116.72622945672558
115.60788932088808
114.56369501940642
113.60695517903844
112.74854414941535
111.99708089469524
111.35914495838406
110.44137972026668
110.16661730468876
110.01595877265483
109.98920862802377
110.83950992486726
110.08541410337237
110.30301794119926
110.63999014116874
111.09393989629699
111.66220937499652
112.34156193672602
113.12780459669811
114.01550765148488
114.99779678093172
116.06620100178242
117.2105469304974
118.41889531820634
119.67752008290657
120.97093327379699
122.281961642632
123.59188177162754
124.88062096934311
126.12703032261746
127.30923431608906
128.405058270681
129.39253055103447
130.25045119845166
130.95901264419697
131.5004518806871
131.85970749055744
132.02504994066527
131.98865027063258
131.747051428896
131.30150856278198
130.65816981318181
129.8280774966777
128.8269804633386
127.67496098185288
126.39589249619355
125.01675663004555
123.5666797582064
122.07518913391786
120.57088866306103
119.08050901023174
117.62827988270712
116.23556940985358
114.92073627657133
113.69914392383275
112.58329175955132
111.58302502220104
110.7057919482165
109.95692364577981
109.33991819897007
108.85671581185214
108.50795617720969
108.29321273728137
108.21120117077939
108.259961399868
108.43701378225582
108.73949105456414
109.16424813078707
109.70795212657816
110.36715505306427
111.13801248432861
112.01584925172776
112.99483501488436
114.0677419670081
115.22576559623361
116.4583973557161
117.75334422272529
119.09649484765417
120.47193553984658
121.86202181499495
123.2475126548218
124.60777495995177
125.92106483737146
127.16489028356439
128.31645647152607
129.3531902707629
130.2533349860354
130.99659990102865
131.56484252709222
131.9427551091447
132.11852167299784
132.08440850052958
131.83725012777842
131.37879533790186
130.71588342975866
129.8604301486085
128.8292144825936
127.6434710402208
126.3283065807855
124.91197196292744
123.42463916595086
121.89667028433004
120.35731069521091
118.83375990777199
117.3505665380097
115.92929096718926
114.58838018380725
113.34320323639292
112.20620164067032
111.18711604538272
110.29325768697144
109.52980008070895
108.9000726329328
108.40584321631702
108.04758116131718
107.82469560880722
107.73574682630179
107.77863002805421
107.95073258270999
108.24906636251137
108.67037749516125
109.21123601775378
109.8681079794472
110.63728614444555
111.51439543408861
112.49402252804069
113.56943853148417
114.73239190014088
115.97295765749097
117.27943575777284
118.63829671840296
120.03417665815464
121.44992678088674
122.86672418284577
124.26425160641176
125.62095334454155
126.91437283851982
128.12157455405986
129.2196484803868
130.1862901924001
131.00044310642951
131.64298276750705
132.09741631746908
132.35056443404648
